(kicad_pcb (version 20171130) (host pcbnew 5.1.5)

  (general
    (thickness 1.6)
    (drawings 12)
    (tracks 4122)
    (zones 0)
    (modules 172)
    (nets 173)
  )

  (page A4)
  (layers
    (0 F.Cu signal)
    (31 B.Cu signal)
    (32 B.Adhes user)
    (33 F.Adhes user)
    (34 B.Paste user)
    (35 F.Paste user)
    (36 B.SilkS user)
    (37 F.SilkS user)
    (38 B.Mask user)
    (39 F.Mask user)
    (40 Dwgs.User user)
    (41 Cmts.User user)
    (42 Eco1.User user)
    (43 Eco2.User user)
    (44 Edge.Cuts user)
    (45 Margin user)
    (46 B.CrtYd user)
    (47 F.CrtYd user)
    (48 B.Fab user)
    (49 F.Fab user)
  )

  (setup
    (last_trace_width 0.2032)
    (user_trace_width 0.2032)
    (user_trace_width 0.3048)
    (user_trace_width 0.4064)
    (user_trace_width 0.8128)
    (user_trace_width 1.0922)
    (user_trace_width 1.27)
    (trace_clearance 0.1524)
    (zone_clearance 0.1524)
    (zone_45_only no)
    (trace_min 0.1524)
    (via_size 0.6096)
    (via_drill 0.3048)
    (via_min_size 0.6096)
    (via_min_drill 0.3)
    (user_via 1.27 0.8128)
    (uvia_size 0.3)
    (uvia_drill 0.1)
    (uvias_allowed no)
    (uvia_min_size 0.2)
    (uvia_min_drill 0.1)
    (edge_width 0.05)
    (segment_width 0.2)
    (pcb_text_width 0.3)
    (pcb_text_size 1.5 1.5)
    (mod_edge_width 0.12)
    (mod_text_size 1 1)
    (mod_text_width 0.15)
    (pad_size 1.99898 1.99898)
    (pad_drill 0.8001)
    (pad_to_mask_clearance 0.051)
    (solder_mask_min_width 0.25)
    (aux_axis_origin 0 0)
    (visible_elements FFFFFF7F)
    (pcbplotparams
      (layerselection 0x010f0_ffffffff)
      (usegerberextensions true)
      (usegerberattributes false)
      (usegerberadvancedattributes false)
      (creategerberjobfile false)
      (excludeedgelayer true)
      (linewidth 0.100000)
      (plotframeref false)
      (viasonmask false)
      (mode 1)
      (useauxorigin false)
      (hpglpennumber 1)
      (hpglpenspeed 20)
      (hpglpendiameter 15.000000)
      (psnegative false)
      (psa4output false)
      (plotreference false)
      (plotvalue false)
      (plotinvisibletext false)
      (padsonsilk false)
      (subtractmaskfromsilk false)
      (outputformat 1)
      (mirror false)
      (drillshape 0)
      (scaleselection 1)
      (outputdirectory "NUC980_GERBER/"))
  )

  (net 0 "")
  (net 1 +3V3)
  (net 2 /ETH/RJ45_SH)
  (net 3 "Net-(C201-Pad1)")
  (net 4 GNDD)
  (net 5 "Net-(C203-Pad1)")
  (net 6 "Net-(C205-Pad1)")
  (net 7 "Net-(C207-Pad1)")
  (net 8 /ETH/ETH_XI)
  (net 9 /ETH/PHY_AVDD)
  (net 10 /ETH/PHY_DVDD)
  (net 11 /ETH/ETH_XO)
  (net 12 VBUS)
  (net 13 "Net-(C303-Pad1)")
  (net 14 "Net-(C304-Pad2)")
  (net 15 +5V)
  (net 16 /NUC980_CORE/32K_IN)
  (net 17 /NUC980_CORE/32K_OUT)
  (net 18 "Net-(C703-Pad2)")
  (net 19 /NUC980_CORE/12M_OUT)
  (net 20 /NUC980_CORE/12M_IN)
  (net 21 +1V2)
  (net 22 "Net-(C706-Pad2)")
  (net 23 /~RST)
  (net 24 /NUC980_CORE/VDD12)
  (net 25 /NUC980_CORE/VDD33)
  (net 26 /NUC980_CORE/VDD18)
  (net 27 "Net-(C732-Pad2)")
  (net 28 +1V8)
  (net 29 "Net-(C733-Pad2)")
  (net 30 "Net-(C734-Pad2)")
  (net 31 /NUC980_CORE/AVDD33)
  (net 32 /NUC980_CORE/AVSS)
  (net 33 "Net-(D301-Pad2)")
  (net 34 "Net-(D1201-Pad2)")
  (net 35 "Net-(D1202-Pad2)")
  (net 36 "Net-(FB501-Pad1)")
  (net 37 "Net-(FB701-Pad1)")
  (net 38 /ETH/ETH_TX_P)
  (net 39 /ETH/ETH_RX_P)
  (net 40 "Net-(J201-Pad4)")
  (net 41 "Net-(J201-Pad7)")
  (net 42 /ETH/ETH_TX_N)
  (net 43 /ETH/ETH_RX_N)
  (net 44 "Net-(J201-Pad9)")
  (net 45 "Net-(J201-Pad12)")
  (net 46 "Net-(J301-Pad2)")
  (net 47 "Net-(J301-Pad3)")
  (net 48 "Net-(J302-PadA7)")
  (net 49 "Net-(J302-PadA6)")
  (net 50 "Net-(J302-PadA5)")
  (net 51 "Net-(J302-PadB5)")
  (net 52 /SD0_CD)
  (net 53 /SD0_D1)
  (net 54 /SD0_D0)
  (net 55 "Net-(J501-Pad5)")
  (net 56 /SD0_CMD)
  (net 57 /SD0_D3)
  (net 58 /SD0_D2)
  (net 59 /SPI1_CS)
  (net 60 /SPI1_CLK)
  (net 61 /SPI1_MOSI)
  (net 62 /I2S0_SD)
  (net 63 /I2S0_MCLK)
  (net 64 /I2S0_BCLK)
  (net 65 /I2S0_LRCK)
  (net 66 /I2C0_SDA)
  (net 67 /I2C0_SCL)
  (net 68 /NUC980_CORE/U0RXD)
  (net 69 /NUC980_CORE/U0TXD)
  (net 70 /NUC980_CORE/TDO)
  (net 71 /NUC980_CORE/TCK)
  (net 72 /NUC980_CORE/TMS)
  (net 73 /NUC980_CORE/TDI)
  (net 74 /NUC980_CORE/TRST)
  (net 75 "Net-(J702-Pad6)")
  (net 76 /LCD_CS)
  (net 77 /LCD_RS)
  (net 78 /LCD_WR)
  (net 79 /LCD_RD)
  (net 80 /LCD_D0)
  (net 81 /LCD_D1)
  (net 82 /LCD_D2)
  (net 83 /LCD_D3)
  (net 84 /LCD_D4)
  (net 85 /LCD_D5)
  (net 86 /LCD_D6)
  (net 87 /LCD_D7)
  (net 88 /LCD_D8)
  (net 89 /LCD_D9)
  (net 90 /LCD_D10)
  (net 91 /LCD_D11)
  (net 92 /LCD_D12)
  (net 93 /LCD_D13)
  (net 94 /LCD_D14)
  (net 95 /LCD_D15)
  (net 96 /TOUCH_SCL)
  (net 97 /TOUCH_SDA)
  (net 98 /TOUCH_INT)
  (net 99 /LCD_BL)
  (net 100 /DO2)
  (net 101 /DO1)
  (net 102 /DO0)
  (net 103 /PWM02)
  (net 104 /PWM01)
  (net 105 /PWM00)
  (net 106 /UART/RS485_B)
  (net 107 /UART/RS485_A)
  (net 108 /U6RXD)
  (net 109 /U6TXD)
  (net 110 "Net-(J1101-Pad1)")
  (net 111 "Net-(J1101-Pad2)")
  (net 112 /USB0_ID)
  (net 113 "Net-(JP1001-Pad1)")
  (net 114 "Net-(JP1101-Pad1)")
  (net 115 "Net-(L701-Pad1)")
  (net 116 "Net-(L702-Pad1)")
  (net 117 "Net-(L703-Pad1)")
  (net 118 /ETH/ETH_PHY_AD3)
  (net 119 /ETH/ETH_PHY_AD0)
  (net 120 /ETH/ETH_COL)
  (net 121 /ETH/ETH_RX_CLK)
  (net 122 /PE4)
  (net 123 "Net-(R209-Pad1)")
  (net 124 "Net-(R210-Pad1)")
  (net 125 /ETH/ETH_CRS)
  (net 126 /PE8)
  (net 127 /PE0)
  (net 128 /PE1)
  (net 129 "Net-(R215-Pad2)")
  (net 130 /USB0_D-)
  (net 131 /USB1_D+)
  (net 132 /USB1_D-)
  (net 133 /PE11)
  (net 134 /QSPI_CLK)
  (net 135 /QSPI/CLK)
  (net 136 /SD0_CLK)
  (net 137 "Net-(R702-Pad2)")
  (net 138 "Net-(R703-Pad2)")
  (net 139 /LED/LED_R)
  (net 140 /LED/LED_G)
  (net 141 /QSPI_IO2)
  (net 142 /QSPI_CS)
  (net 143 /QSPI_IO3)
  (net 144 /NUC980_CORE/PB0)
  (net 145 /NUC980_CORE/PB5)
  (net 146 /ETH/MDI_TX_P)
  (net 147 /ETH/MDI_TX_N)
  (net 148 /ETH/MDI_RX_P)
  (net 149 /ETH/MDI_RX_N)
  (net 150 /QSPI_IO0)
  (net 151 /QSPI_IO1)
  (net 152 /CAN1_RXD)
  (net 153 /CAN1_TXD)
  (net 154 /U1RTS)
  (net 155 /U1RXD)
  (net 156 /U1TXD)
  (net 157 /PE2)
  (net 158 /PE3)
  (net 159 /PE5)
  (net 160 /PE6)
  (net 161 /PE7)
  (net 162 /PE9)
  (net 163 /USB0_D+)
  (net 164 "Net-(R718-Pad2)")
  (net 165 "Net-(R719-Pad2)")
  (net 166 "Net-(R720-Pad2)")
  (net 167 "Net-(R721-Pad2)")
  (net 168 /LED/SW_K3)
  (net 169 "Net-(SW702-Pad5)")
  (net 170 "Net-(SW702-Pad6)")
  (net 171 "Net-(SW702-Pad7)")
  (net 172 "Net-(SW702-Pad8)")

  (net_class Default 这是默认网络类。
    (clearance 0.1524)
    (trace_width 0.1524)
    (via_dia 0.6096)
    (via_drill 0.3048)
    (uvia_dia 0.3)
    (uvia_drill 0.1)
    (diff_pair_width 0.2032)
    (diff_pair_gap 0.1524)
    (add_net +1V2)
    (add_net +1V8)
    (add_net +3V3)
    (add_net +5V)
    (add_net /CAN1_RXD)
    (add_net /CAN1_TXD)
    (add_net /DO0)
    (add_net /DO1)
    (add_net /DO2)
    (add_net /ETH/ETH_COL)
    (add_net /ETH/ETH_CRS)
    (add_net /ETH/ETH_PHY_AD0)
    (add_net /ETH/ETH_PHY_AD3)
    (add_net /ETH/ETH_RX_CLK)
    (add_net /ETH/ETH_RX_N)
    (add_net /ETH/ETH_RX_P)
    (add_net /ETH/ETH_TX_N)
    (add_net /ETH/ETH_TX_P)
    (add_net /ETH/ETH_XI)
    (add_net /ETH/ETH_XO)
    (add_net /ETH/MDI_RX_N)
    (add_net /ETH/MDI_RX_P)
    (add_net /ETH/MDI_TX_N)
    (add_net /ETH/MDI_TX_P)
    (add_net /ETH/PHY_AVDD)
    (add_net /ETH/PHY_DVDD)
    (add_net /ETH/RJ45_SH)
    (add_net /I2C0_SCL)
    (add_net /I2C0_SDA)
    (add_net /I2S0_BCLK)
    (add_net /I2S0_LRCK)
    (add_net /I2S0_MCLK)
    (add_net /I2S0_SD)
    (add_net /LCD_BL)
    (add_net /LCD_CS)
    (add_net /LCD_D0)
    (add_net /LCD_D1)
    (add_net /LCD_D10)
    (add_net /LCD_D11)
    (add_net /LCD_D12)
    (add_net /LCD_D13)
    (add_net /LCD_D14)
    (add_net /LCD_D15)
    (add_net /LCD_D2)
    (add_net /LCD_D3)
    (add_net /LCD_D4)
    (add_net /LCD_D5)
    (add_net /LCD_D6)
    (add_net /LCD_D7)
    (add_net /LCD_D8)
    (add_net /LCD_D9)
    (add_net /LCD_RD)
    (add_net /LCD_RS)
    (add_net /LCD_WR)
    (add_net /LED/LED_G)
    (add_net /LED/LED_R)
    (add_net /LED/SW_K3)
    (add_net /NUC980_CORE/12M_IN)
    (add_net /NUC980_CORE/12M_OUT)
    (add_net /NUC980_CORE/32K_IN)
    (add_net /NUC980_CORE/32K_OUT)
    (add_net /NUC980_CORE/AVDD33)
    (add_net /NUC980_CORE/AVSS)
    (add_net /NUC980_CORE/PB0)
    (add_net /NUC980_CORE/PB5)
    (add_net /NUC980_CORE/TCK)
    (add_net /NUC980_CORE/TDI)
    (add_net /NUC980_CORE/TDO)
    (add_net /NUC980_CORE/TMS)
    (add_net /NUC980_CORE/TRST)
    (add_net /NUC980_CORE/U0RXD)
    (add_net /NUC980_CORE/U0TXD)
    (add_net /NUC980_CORE/VDD12)
    (add_net /NUC980_CORE/VDD18)
    (add_net /NUC980_CORE/VDD33)
    (add_net /PE0)
    (add_net /PE1)
    (add_net /PE11)
    (add_net /PE2)
    (add_net /PE3)
    (add_net /PE4)
    (add_net /PE5)
    (add_net /PE6)
    (add_net /PE7)
    (add_net /PE8)
    (add_net /PE9)
    (add_net /PWM00)
    (add_net /PWM01)
    (add_net /PWM02)
    (add_net /QSPI/CLK)
    (add_net /QSPI_CLK)
    (add_net /QSPI_CS)
    (add_net /QSPI_IO0)
    (add_net /QSPI_IO1)
    (add_net /QSPI_IO2)
    (add_net /QSPI_IO3)
    (add_net /SD0_CD)
    (add_net /SD0_CLK)
    (add_net /SD0_CMD)
    (add_net /SD0_D0)
    (add_net /SD0_D1)
    (add_net /SD0_D2)
    (add_net /SD0_D3)
    (add_net /SPI1_CLK)
    (add_net /SPI1_CS)
    (add_net /SPI1_MOSI)
    (add_net /TOUCH_INT)
    (add_net /TOUCH_SCL)
    (add_net /TOUCH_SDA)
    (add_net /U1RTS)
    (add_net /U1RXD)
    (add_net /U1TXD)
    (add_net /U6RXD)
    (add_net /U6TXD)
    (add_net /UART/RS485_A)
    (add_net /UART/RS485_B)
    (add_net /USB0_D+)
    (add_net /USB0_D-)
    (add_net /USB0_ID)
    (add_net /USB1_D+)
    (add_net /USB1_D-)
    (add_net /~RST)
    (add_net GNDD)
    (add_net "Net-(C201-Pad1)")
    (add_net "Net-(C203-Pad1)")
    (add_net "Net-(C205-Pad1)")
    (add_net "Net-(C207-Pad1)")
    (add_net "Net-(C303-Pad1)")
    (add_net "Net-(C304-Pad2)")
    (add_net "Net-(C703-Pad2)")
    (add_net "Net-(C706-Pad2)")
    (add_net "Net-(C732-Pad2)")
    (add_net "Net-(C733-Pad2)")
    (add_net "Net-(C734-Pad2)")
    (add_net "Net-(D1201-Pad2)")
    (add_net "Net-(D1202-Pad2)")
    (add_net "Net-(D301-Pad2)")
    (add_net "Net-(FB501-Pad1)")
    (add_net "Net-(FB701-Pad1)")
    (add_net "Net-(J1101-Pad1)")
    (add_net "Net-(J1101-Pad2)")
    (add_net "Net-(J201-Pad12)")
    (add_net "Net-(J201-Pad4)")
    (add_net "Net-(J201-Pad7)")
    (add_net "Net-(J201-Pad9)")
    (add_net "Net-(J301-Pad2)")
    (add_net "Net-(J301-Pad3)")
    (add_net "Net-(J302-PadA5)")
    (add_net "Net-(J302-PadA6)")
    (add_net "Net-(J302-PadA7)")
    (add_net "Net-(J302-PadB5)")
    (add_net "Net-(J501-Pad5)")
    (add_net "Net-(J702-Pad6)")
    (add_net "Net-(JP1001-Pad1)")
    (add_net "Net-(JP1101-Pad1)")
    (add_net "Net-(L701-Pad1)")
    (add_net "Net-(L702-Pad1)")
    (add_net "Net-(L703-Pad1)")
    (add_net "Net-(R209-Pad1)")
    (add_net "Net-(R210-Pad1)")
    (add_net "Net-(R215-Pad2)")
    (add_net "Net-(R702-Pad2)")
    (add_net "Net-(R703-Pad2)")
    (add_net "Net-(R718-Pad2)")
    (add_net "Net-(R719-Pad2)")
    (add_net "Net-(R720-Pad2)")
    (add_net "Net-(R721-Pad2)")
    (add_net "Net-(SW702-Pad5)")
    (add_net "Net-(SW702-Pad6)")
    (add_net "Net-(SW702-Pad7)")
    (add_net "Net-(SW702-Pad8)")
    (add_net VBUS)
  )

  (module Connector_Wire:SolderWirePad_1x01_Drill0.8mm (layer F.Cu) (tedit 5EB95116) (tstamp 5EBB73A6)
    (at 145.2626 89.2556)
    (descr "Wire solder connection")
    (tags connector)
    (attr virtual)
    (fp_text reference REF** (at 0 -2.54) (layer F.SilkS)
      (effects (font (size 1 1) (thickness 0.15)))
    )
    (fp_text value SolderWirePad_1x01_Drill0.8mm (at 0 2.54) (layer F.Fab)
      (effects (font (size 1 1) (thickness 0.15)))
    )
    (fp_line (start 1.5 1.5) (end -1.5 1.5) (layer F.CrtYd) (width 0.05))
    (fp_line (start 1.5 1.5) (end 1.5 -1.5) (layer F.CrtYd) (width 0.05))
    (fp_line (start -1.5 -1.5) (end -1.5 1.5) (layer F.CrtYd) (width 0.05))
    (fp_line (start -1.5 -1.5) (end 1.5 -1.5) (layer F.CrtYd) (width 0.05))
    (fp_text user %R (at 0 0) (layer F.Fab)
      (effects (font (size 1 1) (thickness 0.15)))
    )
    (pad 1 thru_hole circle (at 0 0) (size 1.99898 1.99898) (drill 0.8001) (layers *.Cu *.Mask)
      (net 4 GNDD))
  )

  (module Capacitor_SMD:C_0603_1608Metric (layer B.Cu) (tedit 5B301BBE) (tstamp 5E924D43)
    (at 153.557653 112.824847 45)
    (descr "Capacitor SMD 0603 (1608 Metric), square (rectangular) end terminal, IPC_7351 nominal, (Body size source: http://www.tortai-tech.com/upload/download/2011102023233369053.pdf), generated with kicad-footprint-generator")
    (tags capacitor)
    (path /5E8774EA/5EE39008)
    (attr smd)
    (fp_text reference C720 (at 0 1.43 225) (layer B.SilkS) hide
      (effects (font (size 1 1) (thickness 0.15)) (justify mirror))
    )
    (fp_text value 0.1uF (at 0 -1.43 225) (layer B.Fab) hide
      (effects (font (size 1 1) (thickness 0.15)) (justify mirror))
    )
    (fp_text user %R (at 0 0 225) (layer B.Fab)
      (effects (font (size 0.4 0.4) (thickness 0.06)) (justify mirror))
    )
    (fp_line (start 1.48 -0.73) (end -1.48 -0.73) (layer B.CrtYd) (width 0.05))
    (fp_line (start 1.48 0.73) (end 1.48 -0.73) (layer B.CrtYd) (width 0.05))
    (fp_line (start -1.48 0.73) (end 1.48 0.73) (layer B.CrtYd) (width 0.05))
    (fp_line (start -1.48 -0.73) (end -1.48 0.73) (layer B.CrtYd) (width 0.05))
    (fp_line (start -0.162779 -0.51) (end 0.162779 -0.51) (layer B.SilkS) (width 0.12))
    (fp_line (start -0.162779 0.51) (end 0.162779 0.51) (layer B.SilkS) (width 0.12))
    (fp_line (start 0.8 -0.4) (end -0.8 -0.4) (layer B.Fab) (width 0.1))
    (fp_line (start 0.8 0.4) (end 0.8 -0.4) (layer B.Fab) (width 0.1))
    (fp_line (start -0.8 0.4) (end 0.8 0.4) (layer B.Fab) (width 0.1))
    (fp_line (start -0.8 -0.4) (end -0.8 0.4) (layer B.Fab) (width 0.1))
    (pad 2 smd roundrect (at 0.7875 0 45) (size 0.875 0.95) (layers B.Cu B.Paste B.Mask) (roundrect_rratio 0.25)
      (net 4 GNDD))
    (pad 1 smd roundrect (at -0.7875 0 45) (size 0.875 0.95) (layers B.Cu B.Paste B.Mask) (roundrect_rratio 0.25)
      (net 25 /NUC980_CORE/VDD33))
    (model ${KISYS3DMOD}/Capacitor_SMD.3dshapes/C_0603_1608Metric.wrl
      (at (xyz 0 0 0))
      (scale (xyz 1 1 1))
      (rotate (xyz 0 0 0))
    )
  )

  (module Button_Switch_SMD:SW_DIP_SPSTx01_Slide_Copal_CHS-01A_W5.08mm_P1.27mm_JPin (layer F.Cu) (tedit 5A4E1407) (tstamp 5E92568B)
    (at 179.8 130.8 90)
    (descr "SMD 1x-dip-switch SPST Copal_CHS-01A, Slide, row spacing 5.08 mm (200 mils), body size  (see http://www.nidec-copal-electronics.com/e/catalog/switch/chs.pdf), SMD, JPin")
    (tags "SMD DIP Switch SPST Slide 5.08mm 200mil SMD JPin")
    (path /5EBB9BB6/5EBE737A)
    (attr smd)
    (fp_text reference SW1202 (at 0 -2.33 90) (layer F.SilkS) hide
      (effects (font (size 1 1) (thickness 0.15)))
    )
    (fp_text value SW_Push (at 0 2.33 90) (layer F.Fab) hide
      (effects (font (size 1 1) (thickness 0.15)))
    )
    (fp_line (start -1.7 -1.27) (end 2.7 -1.27) (layer F.Fab) (width 0.1))
    (fp_line (start 2.7 -1.27) (end 2.7 1.27) (layer F.Fab) (width 0.1))
    (fp_line (start 2.7 1.27) (end -2.7 1.27) (layer F.Fab) (width 0.1))
    (fp_line (start -2.7 1.27) (end -2.7 -0.27) (layer F.Fab) (width 0.1))
    (fp_line (start -2.7 -0.27) (end -1.7 -1.27) (layer F.Fab) (width 0.1))
    (fp_line (start -1.5 -0.25) (end -1.5 0.25) (layer F.Fab) (width 0.1))
    (fp_line (start -1.5 0.25) (end 1.5 0.25) (layer F.Fab) (width 0.1))
    (fp_line (start 1.5 0.25) (end 1.5 -0.25) (layer F.Fab) (width 0.1))
    (fp_line (start 1.5 -0.25) (end -1.5 -0.25) (layer F.Fab) (width 0.1))
    (fp_line (start -1.5 -0.15) (end -0.5 -0.15) (layer F.Fab) (width 0.1))
    (fp_line (start -1.5 -0.05) (end -0.5 -0.05) (layer F.Fab) (width 0.1))
    (fp_line (start -1.5 0.05) (end -0.5 0.05) (layer F.Fab) (width 0.1))
    (fp_line (start -1.5 0.15) (end -0.5 0.15) (layer F.Fab) (width 0.1))
    (fp_line (start -0.5 -0.25) (end -0.5 0.25) (layer F.Fab) (width 0.1))
    (fp_line (start -2.761 1.33) (end 2.76 1.33) (layer F.SilkS) (width 0.12))
    (fp_line (start -3.34 -0.68) (end -2.761 -0.68) (layer F.SilkS) (width 0.12))
    (fp_line (start -2.761 -1.33) (end -2.761 -0.68) (layer F.SilkS) (width 0.12))
    (fp_line (start -2.761 -1.33) (end 2.76 -1.33) (layer F.SilkS) (width 0.12))
    (fp_line (start 2.76 -1.33) (end 2.76 -0.62) (layer F.SilkS) (width 0.12))
    (fp_line (start -2.761 0.62) (end -2.761 1.33) (layer F.SilkS) (width 0.12))
    (fp_line (start 2.76 0.62) (end 2.76 1.33) (layer F.SilkS) (width 0.12))
    (fp_line (start -3.6 -1.6) (end -3.6 1.6) (layer F.CrtYd) (width 0.05))
    (fp_line (start -3.6 1.6) (end 3.6 1.6) (layer F.CrtYd) (width 0.05))
    (fp_line (start 3.6 1.6) (end 3.6 -1.6) (layer F.CrtYd) (width 0.05))
    (fp_line (start 3.6 -1.6) (end -3.6 -1.6) (layer F.CrtYd) (width 0.05))
    (fp_text user %R (at 2.1 0) (layer F.Fab)
      (effects (font (size 0.6 0.6) (thickness 0.09)))
    )
    (fp_text user on (at 0.83 -0.76 90) (layer F.Fab)
      (effects (font (size 0.6 0.6) (thickness 0.09)))
    )
    (pad 1 smd rect (at -2.54 0 90) (size 1.6 0.76) (layers F.Cu F.Paste F.Mask)
      (net 4 GNDD))
    (pad 2 smd rect (at 2.54 0 90) (size 1.6 0.76) (layers F.Cu F.Paste F.Mask)
      (net 145 /NUC980_CORE/PB5))
    (model ${KISYS3DMOD}/Button_Switch_SMD.3dshapes/SW_DIP_SPSTx01_Slide_Copal_CHS-01A_W5.08mm_P1.27mm_JPin.wrl
      (at (xyz 0 0 0))
      (scale (xyz 1 1 1))
      (rotate (xyz 0 0 0))
    )
  )

  (module Button_Switch_SMD:SW_DIP_SPSTx01_Slide_Copal_CHS-01A_W5.08mm_P1.27mm_JPin (layer F.Cu) (tedit 5A4E1407) (tstamp 5E9256AC)
    (at 183.2 130.8 90)
    (descr "SMD 1x-dip-switch SPST Copal_CHS-01A, Slide, row spacing 5.08 mm (200 mils), body size  (see http://www.nidec-copal-electronics.com/e/catalog/switch/chs.pdf), SMD, JPin")
    (tags "SMD DIP Switch SPST Slide 5.08mm 200mil SMD JPin")
    (path /5EBB9BB6/5EBE77B4)
    (attr smd)
    (fp_text reference SW1203 (at 0 -2.33 90) (layer F.SilkS) hide
      (effects (font (size 1 1) (thickness 0.15)))
    )
    (fp_text value SW_Push (at 0 2.33 90) (layer F.Fab) hide
      (effects (font (size 1 1) (thickness 0.15)))
    )
    (fp_text user on (at 0.83 -0.76 90) (layer F.Fab)
      (effects (font (size 0.6 0.6) (thickness 0.09)))
    )
    (fp_text user %R (at 2.1 0) (layer F.Fab)
      (effects (font (size 0.6 0.6) (thickness 0.09)))
    )
    (fp_line (start 3.6 -1.6) (end -3.6 -1.6) (layer F.CrtYd) (width 0.05))
    (fp_line (start 3.6 1.6) (end 3.6 -1.6) (layer F.CrtYd) (width 0.05))
    (fp_line (start -3.6 1.6) (end 3.6 1.6) (layer F.CrtYd) (width 0.05))
    (fp_line (start -3.6 -1.6) (end -3.6 1.6) (layer F.CrtYd) (width 0.05))
    (fp_line (start 2.76 0.62) (end 2.76 1.33) (layer F.SilkS) (width 0.12))
    (fp_line (start -2.761 0.62) (end -2.761 1.33) (layer F.SilkS) (width 0.12))
    (fp_line (start 2.76 -1.33) (end 2.76 -0.62) (layer F.SilkS) (width 0.12))
    (fp_line (start -2.761 -1.33) (end 2.76 -1.33) (layer F.SilkS) (width 0.12))
    (fp_line (start -2.761 -1.33) (end -2.761 -0.68) (layer F.SilkS) (width 0.12))
    (fp_line (start -3.34 -0.68) (end -2.761 -0.68) (layer F.SilkS) (width 0.12))
    (fp_line (start -2.761 1.33) (end 2.76 1.33) (layer F.SilkS) (width 0.12))
    (fp_line (start -0.5 -0.25) (end -0.5 0.25) (layer F.Fab) (width 0.1))
    (fp_line (start -1.5 0.15) (end -0.5 0.15) (layer F.Fab) (width 0.1))
    (fp_line (start -1.5 0.05) (end -0.5 0.05) (layer F.Fab) (width 0.1))
    (fp_line (start -1.5 -0.05) (end -0.5 -0.05) (layer F.Fab) (width 0.1))
    (fp_line (start -1.5 -0.15) (end -0.5 -0.15) (layer F.Fab) (width 0.1))
    (fp_line (start 1.5 -0.25) (end -1.5 -0.25) (layer F.Fab) (width 0.1))
    (fp_line (start 1.5 0.25) (end 1.5 -0.25) (layer F.Fab) (width 0.1))
    (fp_line (start -1.5 0.25) (end 1.5 0.25) (layer F.Fab) (width 0.1))
    (fp_line (start -1.5 -0.25) (end -1.5 0.25) (layer F.Fab) (width 0.1))
    (fp_line (start -2.7 -0.27) (end -1.7 -1.27) (layer F.Fab) (width 0.1))
    (fp_line (start -2.7 1.27) (end -2.7 -0.27) (layer F.Fab) (width 0.1))
    (fp_line (start 2.7 1.27) (end -2.7 1.27) (layer F.Fab) (width 0.1))
    (fp_line (start 2.7 -1.27) (end 2.7 1.27) (layer F.Fab) (width 0.1))
    (fp_line (start -1.7 -1.27) (end 2.7 -1.27) (layer F.Fab) (width 0.1))
    (pad 2 smd rect (at 2.54 0 90) (size 1.6 0.76) (layers F.Cu F.Paste F.Mask)
      (net 168 /LED/SW_K3))
    (pad 1 smd rect (at -2.54 0 90) (size 1.6 0.76) (layers F.Cu F.Paste F.Mask)
      (net 4 GNDD))
    (model ${KISYS3DMOD}/Button_Switch_SMD.3dshapes/SW_DIP_SPSTx01_Slide_Copal_CHS-01A_W5.08mm_P1.27mm_JPin.wrl
      (at (xyz 0 0 0))
      (scale (xyz 1 1 1))
      (rotate (xyz 0 0 0))
    )
  )

  (module Capacitor_SMD:C_1812_4532Metric (layer F.Cu) (tedit 5B301BBE) (tstamp 5E924A68)
    (at 170.25 69.6375 90)
    (descr "Capacitor SMD 1812 (4532 Metric), square (rectangular) end terminal, IPC_7351 nominal, (Body size source: https://www.nikhef.nl/pub/departments/mt/projects/detectorR_D/dtddice/ERJ2G.pdf), generated with kicad-footprint-generator")
    (tags capacitor)
    (path /5E883AD5/5E918D8B)
    (attr smd)
    (fp_text reference C201 (at 0 -2.65 90) (layer F.SilkS) hide
      (effects (font (size 1 1) (thickness 0.15)))
    )
    (fp_text value 0.01uF/2KV (at 0 2.65 90) (layer F.Fab) hide
      (effects (font (size 1 1) (thickness 0.15)))
    )
    (fp_text user %R (at 0 0 90) (layer F.Fab)
      (effects (font (size 1 1) (thickness 0.15)))
    )
    (fp_line (start 2.95 1.95) (end -2.95 1.95) (layer F.CrtYd) (width 0.05))
    (fp_line (start 2.95 -1.95) (end 2.95 1.95) (layer F.CrtYd) (width 0.05))
    (fp_line (start -2.95 -1.95) (end 2.95 -1.95) (layer F.CrtYd) (width 0.05))
    (fp_line (start -2.95 1.95) (end -2.95 -1.95) (layer F.CrtYd) (width 0.05))
    (fp_line (start -1.386252 1.71) (end 1.386252 1.71) (layer F.SilkS) (width 0.12))
    (fp_line (start -1.386252 -1.71) (end 1.386252 -1.71) (layer F.SilkS) (width 0.12))
    (fp_line (start 2.25 1.6) (end -2.25 1.6) (layer F.Fab) (width 0.1))
    (fp_line (start 2.25 -1.6) (end 2.25 1.6) (layer F.Fab) (width 0.1))
    (fp_line (start -2.25 -1.6) (end 2.25 -1.6) (layer F.Fab) (width 0.1))
    (fp_line (start -2.25 1.6) (end -2.25 -1.6) (layer F.Fab) (width 0.1))
    (pad 2 smd roundrect (at 2.1375 0 90) (size 1.125 3.4) (layers F.Cu F.Paste F.Mask) (roundrect_rratio 0.222222)
      (net 2 /ETH/RJ45_SH))
    (pad 1 smd roundrect (at -2.1375 0 90) (size 1.125 3.4) (layers F.Cu F.Paste F.Mask) (roundrect_rratio 0.222222)
      (net 3 "Net-(C201-Pad1)"))
    (model ${KISYS3DMOD}/Capacitor_SMD.3dshapes/C_1812_4532Metric.wrl
      (at (xyz 0 0 0))
      (scale (xyz 1 1 1))
      (rotate (xyz 0 0 0))
    )
  )

  (module Capacitor_SMD:C_1812_4532Metric (layer F.Cu) (tedit 5B301BBE) (tstamp 5E924A79)
    (at 148.5 69.6375 90)
    (descr "Capacitor SMD 1812 (4532 Metric), square (rectangular) end terminal, IPC_7351 nominal, (Body size source: https://www.nikhef.nl/pub/departments/mt/projects/detectorR_D/dtddice/ERJ2G.pdf), generated with kicad-footprint-generator")
    (tags capacitor)
    (path /5E883AD5/5E9330A9)
    (attr smd)
    (fp_text reference C202 (at 0 -2.65 90) (layer F.SilkS) hide
      (effects (font (size 1 1) (thickness 0.15)))
    )
    (fp_text value 0.01uF/2KV (at 0 2.65 90) (layer F.Fab) hide
      (effects (font (size 1 1) (thickness 0.15)))
    )
    (fp_line (start -2.25 1.6) (end -2.25 -1.6) (layer F.Fab) (width 0.1))
    (fp_line (start -2.25 -1.6) (end 2.25 -1.6) (layer F.Fab) (width 0.1))
    (fp_line (start 2.25 -1.6) (end 2.25 1.6) (layer F.Fab) (width 0.1))
    (fp_line (start 2.25 1.6) (end -2.25 1.6) (layer F.Fab) (width 0.1))
    (fp_line (start -1.386252 -1.71) (end 1.386252 -1.71) (layer F.SilkS) (width 0.12))
    (fp_line (start -1.386252 1.71) (end 1.386252 1.71) (layer F.SilkS) (width 0.12))
    (fp_line (start -2.95 1.95) (end -2.95 -1.95) (layer F.CrtYd) (width 0.05))
    (fp_line (start -2.95 -1.95) (end 2.95 -1.95) (layer F.CrtYd) (width 0.05))
    (fp_line (start 2.95 -1.95) (end 2.95 1.95) (layer F.CrtYd) (width 0.05))
    (fp_line (start 2.95 1.95) (end -2.95 1.95) (layer F.CrtYd) (width 0.05))
    (fp_text user %R (at 0 0 90) (layer F.Fab)
      (effects (font (size 1 1) (thickness 0.15)))
    )
    (pad 1 smd roundrect (at -2.1375 0 90) (size 1.125 3.4) (layers F.Cu F.Paste F.Mask) (roundrect_rratio 0.222222)
      (net 4 GNDD))
    (pad 2 smd roundrect (at 2.1375 0 90) (size 1.125 3.4) (layers F.Cu F.Paste F.Mask) (roundrect_rratio 0.222222)
      (net 2 /ETH/RJ45_SH))
    (model ${KISYS3DMOD}/Capacitor_SMD.3dshapes/C_1812_4532Metric.wrl
      (at (xyz 0 0 0))
      (scale (xyz 1 1 1))
      (rotate (xyz 0 0 0))
    )
  )

  (module Capacitor_SMD:C_0603_1608Metric (layer B.Cu) (tedit 5B301BBE) (tstamp 5E924A8A)
    (at 162.5375 81)
    (descr "Capacitor SMD 0603 (1608 Metric), square (rectangular) end terminal, IPC_7351 nominal, (Body size source: http://www.tortai-tech.com/upload/download/2011102023233369053.pdf), generated with kicad-footprint-generator")
    (tags capacitor)
    (path /5E883AD5/5E9220A6)
    (attr smd)
    (fp_text reference C203 (at 0 1.43) (layer B.SilkS) hide
      (effects (font (size 1 1) (thickness 0.15)) (justify mirror))
    )
    (fp_text value 0.01uF (at 0 -1.43) (layer B.Fab) hide
      (effects (font (size 1 1) (thickness 0.15)) (justify mirror))
    )
    (fp_text user %R (at 0 0) (layer B.Fab)
      (effects (font (size 0.4 0.4) (thickness 0.06)) (justify mirror))
    )
    (fp_line (start 1.48 -0.73) (end -1.48 -0.73) (layer B.CrtYd) (width 0.05))
    (fp_line (start 1.48 0.73) (end 1.48 -0.73) (layer B.CrtYd) (width 0.05))
    (fp_line (start -1.48 0.73) (end 1.48 0.73) (layer B.CrtYd) (width 0.05))
    (fp_line (start -1.48 -0.73) (end -1.48 0.73) (layer B.CrtYd) (width 0.05))
    (fp_line (start -0.162779 -0.51) (end 0.162779 -0.51) (layer B.SilkS) (width 0.12))
    (fp_line (start -0.162779 0.51) (end 0.162779 0.51) (layer B.SilkS) (width 0.12))
    (fp_line (start 0.8 -0.4) (end -0.8 -0.4) (layer B.Fab) (width 0.1))
    (fp_line (start 0.8 0.4) (end 0.8 -0.4) (layer B.Fab) (width 0.1))
    (fp_line (start -0.8 0.4) (end 0.8 0.4) (layer B.Fab) (width 0.1))
    (fp_line (start -0.8 -0.4) (end -0.8 0.4) (layer B.Fab) (width 0.1))
    (pad 2 smd roundrect (at 0.7875 0) (size 0.875 0.95) (layers B.Cu B.Paste B.Mask) (roundrect_rratio 0.25)
      (net 4 GNDD))
    (pad 1 smd roundrect (at -0.7875 0) (size 0.875 0.95) (layers B.Cu B.Paste B.Mask) (roundrect_rratio 0.25)
      (net 5 "Net-(C203-Pad1)"))
    (model ${KISYS3DMOD}/Capacitor_SMD.3dshapes/C_0603_1608Metric.wrl
      (at (xyz 0 0 0))
      (scale (xyz 1 1 1))
      (rotate (xyz 0 0 0))
    )
  )

  (module Capacitor_SMD:C_0603_1608Metric (layer B.Cu) (tedit 5B301BBE) (tstamp 5E924A9B)
    (at 162.5375 82.75)
    (descr "Capacitor SMD 0603 (1608 Metric), square (rectangular) end terminal, IPC_7351 nominal, (Body size source: http://www.tortai-tech.com/upload/download/2011102023233369053.pdf), generated with kicad-footprint-generator")
    (tags capacitor)
    (path /5E883AD5/5E922732)
    (attr smd)
    (fp_text reference C204 (at 0 1.43) (layer B.SilkS) hide
      (effects (font (size 1 1) (thickness 0.15)) (justify mirror))
    )
    (fp_text value 0.1uF (at 0 -1.43) (layer B.Fab) hide
      (effects (font (size 1 1) (thickness 0.15)) (justify mirror))
    )
    (fp_line (start -0.8 -0.4) (end -0.8 0.4) (layer B.Fab) (width 0.1))
    (fp_line (start -0.8 0.4) (end 0.8 0.4) (layer B.Fab) (width 0.1))
    (fp_line (start 0.8 0.4) (end 0.8 -0.4) (layer B.Fab) (width 0.1))
    (fp_line (start 0.8 -0.4) (end -0.8 -0.4) (layer B.Fab) (width 0.1))
    (fp_line (start -0.162779 0.51) (end 0.162779 0.51) (layer B.SilkS) (width 0.12))
    (fp_line (start -0.162779 -0.51) (end 0.162779 -0.51) (layer B.SilkS) (width 0.12))
    (fp_line (start -1.48 -0.73) (end -1.48 0.73) (layer B.CrtYd) (width 0.05))
    (fp_line (start -1.48 0.73) (end 1.48 0.73) (layer B.CrtYd) (width 0.05))
    (fp_line (start 1.48 0.73) (end 1.48 -0.73) (layer B.CrtYd) (width 0.05))
    (fp_line (start 1.48 -0.73) (end -1.48 -0.73) (layer B.CrtYd) (width 0.05))
    (fp_text user %R (at 0 0) (layer B.Fab)
      (effects (font (size 0.4 0.4) (thickness 0.06)) (justify mirror))
    )
    (pad 1 smd roundrect (at -0.7875 0) (size 0.875 0.95) (layers B.Cu B.Paste B.Mask) (roundrect_rratio 0.25)
      (net 5 "Net-(C203-Pad1)"))
    (pad 2 smd roundrect (at 0.7875 0) (size 0.875 0.95) (layers B.Cu B.Paste B.Mask) (roundrect_rratio 0.25)
      (net 4 GNDD))
    (model ${KISYS3DMOD}/Capacitor_SMD.3dshapes/C_0603_1608Metric.wrl
      (at (xyz 0 0 0))
      (scale (xyz 1 1 1))
      (rotate (xyz 0 0 0))
    )
  )

  (module Capacitor_SMD:C_0603_1608Metric (layer B.Cu) (tedit 5B301BBE) (tstamp 5E924AAC)
    (at 154.4625 81 180)
    (descr "Capacitor SMD 0603 (1608 Metric), square (rectangular) end terminal, IPC_7351 nominal, (Body size source: http://www.tortai-tech.com/upload/download/2011102023233369053.pdf), generated with kicad-footprint-generator")
    (tags capacitor)
    (path /5E883AD5/5E92384C)
    (attr smd)
    (fp_text reference C205 (at 0 1.43 180) (layer B.SilkS) hide
      (effects (font (size 1 1) (thickness 0.15)) (justify mirror))
    )
    (fp_text value 0.01uF (at 0 -1.43 180) (layer B.Fab) hide
      (effects (font (size 1 1) (thickness 0.15)) (justify mirror))
    )
    (fp_text user %R (at 0 0 180) (layer B.Fab)
      (effects (font (size 0.4 0.4) (thickness 0.06)) (justify mirror))
    )
    (fp_line (start 1.48 -0.73) (end -1.48 -0.73) (layer B.CrtYd) (width 0.05))
    (fp_line (start 1.48 0.73) (end 1.48 -0.73) (layer B.CrtYd) (width 0.05))
    (fp_line (start -1.48 0.73) (end 1.48 0.73) (layer B.CrtYd) (width 0.05))
    (fp_line (start -1.48 -0.73) (end -1.48 0.73) (layer B.CrtYd) (width 0.05))
    (fp_line (start -0.162779 -0.51) (end 0.162779 -0.51) (layer B.SilkS) (width 0.12))
    (fp_line (start -0.162779 0.51) (end 0.162779 0.51) (layer B.SilkS) (width 0.12))
    (fp_line (start 0.8 -0.4) (end -0.8 -0.4) (layer B.Fab) (width 0.1))
    (fp_line (start 0.8 0.4) (end 0.8 -0.4) (layer B.Fab) (width 0.1))
    (fp_line (start -0.8 0.4) (end 0.8 0.4) (layer B.Fab) (width 0.1))
    (fp_line (start -0.8 -0.4) (end -0.8 0.4) (layer B.Fab) (width 0.1))
    (pad 2 smd roundrect (at 0.7875 0 180) (size 0.875 0.95) (layers B.Cu B.Paste B.Mask) (roundrect_rratio 0.25)
      (net 4 GNDD))
    (pad 1 smd roundrect (at -0.7875 0 180) (size 0.875 0.95) (layers B.Cu B.Paste B.Mask) (roundrect_rratio 0.25)
      (net 6 "Net-(C205-Pad1)"))
    (model ${KISYS3DMOD}/Capacitor_SMD.3dshapes/C_0603_1608Metric.wrl
      (at (xyz 0 0 0))
      (scale (xyz 1 1 1))
      (rotate (xyz 0 0 0))
    )
  )

  (module Capacitor_SMD:C_0603_1608Metric (layer B.Cu) (tedit 5B301BBE) (tstamp 5E924ABD)
    (at 154.4625 82.75 180)
    (descr "Capacitor SMD 0603 (1608 Metric), square (rectangular) end terminal, IPC_7351 nominal, (Body size source: http://www.tortai-tech.com/upload/download/2011102023233369053.pdf), generated with kicad-footprint-generator")
    (tags capacitor)
    (path /5E883AD5/5E923852)
    (attr smd)
    (fp_text reference C206 (at 0 1.43 180) (layer B.SilkS) hide
      (effects (font (size 1 1) (thickness 0.15)) (justify mirror))
    )
    (fp_text value 0.1uF (at 0 -1.43 180) (layer B.Fab) hide
      (effects (font (size 1 1) (thickness 0.15)) (justify mirror))
    )
    (fp_line (start -0.8 -0.4) (end -0.8 0.4) (layer B.Fab) (width 0.1))
    (fp_line (start -0.8 0.4) (end 0.8 0.4) (layer B.Fab) (width 0.1))
    (fp_line (start 0.8 0.4) (end 0.8 -0.4) (layer B.Fab) (width 0.1))
    (fp_line (start 0.8 -0.4) (end -0.8 -0.4) (layer B.Fab) (width 0.1))
    (fp_line (start -0.162779 0.51) (end 0.162779 0.51) (layer B.SilkS) (width 0.12))
    (fp_line (start -0.162779 -0.51) (end 0.162779 -0.51) (layer B.SilkS) (width 0.12))
    (fp_line (start -1.48 -0.73) (end -1.48 0.73) (layer B.CrtYd) (width 0.05))
    (fp_line (start -1.48 0.73) (end 1.48 0.73) (layer B.CrtYd) (width 0.05))
    (fp_line (start 1.48 0.73) (end 1.48 -0.73) (layer B.CrtYd) (width 0.05))
    (fp_line (start 1.48 -0.73) (end -1.48 -0.73) (layer B.CrtYd) (width 0.05))
    (fp_text user %R (at 0 0 180) (layer B.Fab)
      (effects (font (size 0.4 0.4) (thickness 0.06)) (justify mirror))
    )
    (pad 1 smd roundrect (at -0.7875 0 180) (size 0.875 0.95) (layers B.Cu B.Paste B.Mask) (roundrect_rratio 0.25)
      (net 6 "Net-(C205-Pad1)"))
    (pad 2 smd roundrect (at 0.7875 0 180) (size 0.875 0.95) (layers B.Cu B.Paste B.Mask) (roundrect_rratio 0.25)
      (net 4 GNDD))
    (model ${KISYS3DMOD}/Capacitor_SMD.3dshapes/C_0603_1608Metric.wrl
      (at (xyz 0 0 0))
      (scale (xyz 1 1 1))
      (rotate (xyz 0 0 0))
    )
  )

  (module Capacitor_SMD:C_0603_1608Metric (layer B.Cu) (tedit 5B301BBE) (tstamp 5E924ACE)
    (at 153.693153 91.193153 45)
    (descr "Capacitor SMD 0603 (1608 Metric), square (rectangular) end terminal, IPC_7351 nominal, (Body size source: http://www.tortai-tech.com/upload/download/2011102023233369053.pdf), generated with kicad-footprint-generator")
    (tags capacitor)
    (path /5E883AD5/5EA08797)
    (attr smd)
    (fp_text reference C207 (at 0 1.43 225) (layer B.SilkS) hide
      (effects (font (size 1 1) (thickness 0.15)) (justify mirror))
    )
    (fp_text value 0.01uF (at 0 -1.43 225) (layer B.Fab) hide
      (effects (font (size 1 1) (thickness 0.15)) (justify mirror))
    )
    (fp_text user %R (at 0 0 225) (layer B.Fab)
      (effects (font (size 0.4 0.4) (thickness 0.06)) (justify mirror))
    )
    (fp_line (start 1.48 -0.73) (end -1.48 -0.73) (layer B.CrtYd) (width 0.05))
    (fp_line (start 1.48 0.73) (end 1.48 -0.73) (layer B.CrtYd) (width 0.05))
    (fp_line (start -1.48 0.73) (end 1.48 0.73) (layer B.CrtYd) (width 0.05))
    (fp_line (start -1.48 -0.73) (end -1.48 0.73) (layer B.CrtYd) (width 0.05))
    (fp_line (start -0.162779 -0.51) (end 0.162779 -0.51) (layer B.SilkS) (width 0.12))
    (fp_line (start -0.162779 0.51) (end 0.162779 0.51) (layer B.SilkS) (width 0.12))
    (fp_line (start 0.8 -0.4) (end -0.8 -0.4) (layer B.Fab) (width 0.1))
    (fp_line (start 0.8 0.4) (end 0.8 -0.4) (layer B.Fab) (width 0.1))
    (fp_line (start -0.8 0.4) (end 0.8 0.4) (layer B.Fab) (width 0.1))
    (fp_line (start -0.8 -0.4) (end -0.8 0.4) (layer B.Fab) (width 0.1))
    (pad 2 smd roundrect (at 0.7875 0 45) (size 0.875 0.95) (layers B.Cu B.Paste B.Mask) (roundrect_rratio 0.25)
      (net 4 GNDD))
    (pad 1 smd roundrect (at -0.7875 0 45) (size 0.875 0.95) (layers B.Cu B.Paste B.Mask) (roundrect_rratio 0.25)
      (net 7 "Net-(C207-Pad1)"))
    (model ${KISYS3DMOD}/Capacitor_SMD.3dshapes/C_0603_1608Metric.wrl
      (at (xyz 0 0 0))
      (scale (xyz 1 1 1))
      (rotate (xyz 0 0 0))
    )
  )

  (module Capacitor_SMD:C_0603_1608Metric (layer B.Cu) (tedit 5B301BBE) (tstamp 5E924ADF)
    (at 152.556847 89.943153 45)
    (descr "Capacitor SMD 0603 (1608 Metric), square (rectangular) end terminal, IPC_7351 nominal, (Body size source: http://www.tortai-tech.com/upload/download/2011102023233369053.pdf), generated with kicad-footprint-generator")
    (tags capacitor)
    (path /5E883AD5/5EA087A1)
    (attr smd)
    (fp_text reference C208 (at 0 1.43 225) (layer B.SilkS) hide
      (effects (font (size 1 1) (thickness 0.15)) (justify mirror))
    )
    (fp_text value 0.1uF (at 0 -1.43 225) (layer B.Fab) hide
      (effects (font (size 1 1) (thickness 0.15)) (justify mirror))
    )
    (fp_text user %R (at 0 0 225) (layer B.Fab)
      (effects (font (size 0.4 0.4) (thickness 0.06)) (justify mirror))
    )
    (fp_line (start 1.48 -0.73) (end -1.48 -0.73) (layer B.CrtYd) (width 0.05))
    (fp_line (start 1.48 0.73) (end 1.48 -0.73) (layer B.CrtYd) (width 0.05))
    (fp_line (start -1.48 0.73) (end 1.48 0.73) (layer B.CrtYd) (width 0.05))
    (fp_line (start -1.48 -0.73) (end -1.48 0.73) (layer B.CrtYd) (width 0.05))
    (fp_line (start -0.162779 -0.51) (end 0.162779 -0.51) (layer B.SilkS) (width 0.12))
    (fp_line (start -0.162779 0.51) (end 0.162779 0.51) (layer B.SilkS) (width 0.12))
    (fp_line (start 0.8 -0.4) (end -0.8 -0.4) (layer B.Fab) (width 0.1))
    (fp_line (start 0.8 0.4) (end 0.8 -0.4) (layer B.Fab) (width 0.1))
    (fp_line (start -0.8 0.4) (end 0.8 0.4) (layer B.Fab) (width 0.1))
    (fp_line (start -0.8 -0.4) (end -0.8 0.4) (layer B.Fab) (width 0.1))
    (pad 2 smd roundrect (at 0.7875 0 45) (size 0.875 0.95) (layers B.Cu B.Paste B.Mask) (roundrect_rratio 0.25)
      (net 4 GNDD))
    (pad 1 smd roundrect (at -0.7875 0 45) (size 0.875 0.95) (layers B.Cu B.Paste B.Mask) (roundrect_rratio 0.25)
      (net 7 "Net-(C207-Pad1)"))
    (model ${KISYS3DMOD}/Capacitor_SMD.3dshapes/C_0603_1608Metric.wrl
      (at (xyz 0 0 0))
      (scale (xyz 1 1 1))
      (rotate (xyz 0 0 0))
    )
  )

  (module Capacitor_SMD:C_0603_1608Metric (layer F.Cu) (tedit 5B301BBE) (tstamp 5E924AF0)
    (at 141.75 81 315)
    (descr "Capacitor SMD 0603 (1608 Metric), square (rectangular) end terminal, IPC_7351 nominal, (Body size source: http://www.tortai-tech.com/upload/download/2011102023233369053.pdf), generated with kicad-footprint-generator")
    (tags capacitor)
    (path /5E883AD5/5E954274)
    (attr smd)
    (fp_text reference C209 (at 0 -1.43 135) (layer F.SilkS) hide
      (effects (font (size 1 1) (thickness 0.15)))
    )
    (fp_text value 30pF (at 0 1.43 135) (layer F.Fab) hide
      (effects (font (size 1 1) (thickness 0.15)))
    )
    (fp_line (start -0.8 0.4) (end -0.8 -0.4) (layer F.Fab) (width 0.1))
    (fp_line (start -0.8 -0.4) (end 0.8 -0.4) (layer F.Fab) (width 0.1))
    (fp_line (start 0.8 -0.4) (end 0.8 0.4) (layer F.Fab) (width 0.1))
    (fp_line (start 0.8 0.4) (end -0.8 0.4) (layer F.Fab) (width 0.1))
    (fp_line (start -0.162779 -0.51) (end 0.162779 -0.51) (layer F.SilkS) (width 0.12))
    (fp_line (start -0.162779 0.51) (end 0.162779 0.51) (layer F.SilkS) (width 0.12))
    (fp_line (start -1.48 0.73) (end -1.48 -0.73) (layer F.CrtYd) (width 0.05))
    (fp_line (start -1.48 -0.73) (end 1.48 -0.73) (layer F.CrtYd) (width 0.05))
    (fp_line (start 1.48 -0.73) (end 1.48 0.73) (layer F.CrtYd) (width 0.05))
    (fp_line (start 1.48 0.73) (end -1.48 0.73) (layer F.CrtYd) (width 0.05))
    (fp_text user %R (at 0 0 135) (layer F.Fab)
      (effects (font (size 0.4 0.4) (thickness 0.06)))
    )
    (pad 1 smd roundrect (at -0.7875 0 315) (size 0.875 0.95) (layers F.Cu F.Paste F.Mask) (roundrect_rratio 0.25)
      (net 8 /ETH/ETH_XI))
    (pad 2 smd roundrect (at 0.7875 0 315) (size 0.875 0.95) (layers F.Cu F.Paste F.Mask) (roundrect_rratio 0.25)
      (net 4 GNDD))
    (model ${KISYS3DMOD}/Capacitor_SMD.3dshapes/C_0603_1608Metric.wrl
      (at (xyz 0 0 0))
      (scale (xyz 1 1 1))
      (rotate (xyz 0 0 0))
    )
  )

  (module Capacitor_SMD:C_0805_2012Metric (layer B.Cu) (tedit 5B36C52B) (tstamp 5E924B01)
    (at 145.337087 81.912913 45)
    (descr "Capacitor SMD 0805 (2012 Metric), square (rectangular) end terminal, IPC_7351 nominal, (Body size source: https://docs.google.com/spreadsheets/d/1BsfQQcO9C6DZCsRaXUlFlo91Tg2WpOkGARC1WS5S8t0/edit?usp=sharing), generated with kicad-footprint-generator")
    (tags capacitor)
    (path /5E883AD5/5E94CE79)
    (attr smd)
    (fp_text reference C210 (at 0 1.65 225) (layer B.SilkS) hide
      (effects (font (size 1 1) (thickness 0.15)) (justify mirror))
    )
    (fp_text value 10uF (at 0 -1.65 225) (layer B.Fab) hide
      (effects (font (size 1 1) (thickness 0.15)) (justify mirror))
    )
    (fp_line (start -1 -0.6) (end -1 0.6) (layer B.Fab) (width 0.1))
    (fp_line (start -1 0.6) (end 1 0.6) (layer B.Fab) (width 0.1))
    (fp_line (start 1 0.6) (end 1 -0.6) (layer B.Fab) (width 0.1))
    (fp_line (start 1 -0.6) (end -1 -0.6) (layer B.Fab) (width 0.1))
    (fp_line (start -0.258578 0.71) (end 0.258578 0.71) (layer B.SilkS) (width 0.12))
